-0.60168,-0.60168,-0.60168,-0.60168,-0.60168,2.1286,-0.60168,-0.60168,-0.60168,701,1
0.51283,-0.73681,-0.73681,-0.73681,-0.73681,1.8562,0.049999,-0.73681,-0.20571,704,1
-0.62315,-0.62315,-0.62315,-0.62315,-0.62315,1.9683,-0.62315,-0.62315,-0.62315,705,1
-0.6327,-0.6327,0.052496,-0.6327,-0.6327,1.5895,-0.028115,-0.6327,-0.6327,710,1
-0.37473,-0.22465,-0.82497,-0.48729,0,1.7993,0.28626,0.18807,0.31248,711,1
0,-0.59991,-0.59991,-0.59991,-0.59991,1.7346,0.64072,-0.59991,-0.59991,712,1
-0.88565,-0.5336,-0.88565,-0.55561,-0.19556,0.94838,0.42438,-0.59228,-0.55561,713,1
-0.53039,-0.53039,-0.53039,-0.53039,-0.53039,2.2274,-0.53039,-0.53039,-0.53039,714,1
0.78906,0.1694,-0.57938,0.0038668,0.069696,0.97176,0.54436,-1.1384,-1.1384,715,1
0.43172,-1.027,-0.56876,-1.027,0.059725,1.0393,1.1788,0.38424,-1.027,716,1
-0.64296,-0.64296,-0.64296,-0.64296,-0.64296,1.8381,-0.64296,-0.64296,-0.64296,717,1
-0.65421,-0.65421,-0.65421,-0.65421,-0.65421,1.9844,-0.17543,-0.65421,-0.65421,718,1
-0.29455,-1.0084,0.26548,-0.82996,-0.62952,1.0724,1.0567,-1.0084,-1.0084,719,1
-0.092593,0.46687,-0.070631,-0.052328,0,0.81141,0.59668,0.61358,-0.7963,720,1
-0.7963,-0.7963,-0.7963,-0.7963,-0.45103,1.3911,0.32582,-0.44195,-0.7963,721,1
-0.67645,-0.67645,-0.67645,-0.67645,-0.67645,1.6752,-0.67645,-0.67645,-0.67645,722,1
-0.10877,-0.70344,-0.70344,-0.70344,-0.70344,1.6564,-0.70344,-0.43914,-0.70344,723,1
-0.38641,-0.38641,-0.38641,-0.38641,-0.38641,-0.38641,-0.38641,-0.38641,-0.38641,724,1
-0.58862,-0.58862,-0.58862,-0.58862,0,2.038,-0.58862,-0.58862,-0.58862,725,1
0.012226,-0.6461,-0.6461,-0.6461,-0.6461,2.0318,-0.6461,-0.6461,-0.6461,726,1
-0.79287,-0.5963,-0.06209,-0.79287,-0.79287,1.5888,0.62243,-0.3766,-0.79287,727,1
-0.055574,-0.75996,-0.061699,-0.75996,-0.75996,1.9666,-0.70454,0.36958,-0.061699,728,1
-0.5765,-0.5765,-0.5765,-0.5765,-0.5765,2.288,-0.5765,-0.5765,-0.5765,729,1
-0.4258,-0.46666,-0.65731,-0.65731,-0.0045428,2.519,-0.65731,0.062939,-0.65731,730,1
-1.0216,0.011188,0.22382,0.63085,0,0.76026,0.011188,0.23363,-0.10003,731,1
-0.08964,-0.12207,0.15453,-0.17612,0.040078,0.040078,-0.17612,-0.28422,0.040078,802,1
-0.64115,-0.64115,-0.21724,-0.64115,-0.64115,1.73,-0.64115,-0.4292,-0.64115,803,1
-0.83848,-0.83848,-0.57006,-0.26035,0.47753,1.0049,0.50361,-0.46034,0.30185,808,1
-0.031579,0.032559,0.40391,0.4535,-0.063159,0.045024,0.36627,0.01245,-0.26043,809,1
0.053862,-0.34452,0.026663,0.10222,0.16169,0.6719,0.09466,0.47012,-0.59589,810,1
-0.65019,-0.70351,-0.92746,0.31603,0.075407,0.67201,0.56681,-0.73969,-0.92746,811,1
0.01837,-0.37226,-0.40151,-0.73992,-0.23483,-0.31843,0.059731,-0.75646,-0.0021898,812,1
-0.67751,-0.67751,-0.67751,-0.67751,-0.67751,1.6406,-0.67751,-0.67751,-0.67751,813,1
0.35815,-0.5382,-0.29374,-1.076,-0.17022,1.0979,0.056224,0.056224,-0.15405,814,1
-0.73293,-0.73293,-0.73293,-0.73293,-0.23469,1.4826,-0.73293,-0.73293,-0.73293,815,1
-1.0169,-1.0169,-1.0169,0.67017,0.95136,1.385,-1.0169,-1.0169,-1.0169,816,1
-0.79386,-0.035876,-0.26327,0.0020228,-0.22537,1.1465,-0.32569,-0.79386,-0.79386,817,1
-0.45004,-0.30598,-0.8342,-0.8342,-0.23052,1.2314,-0.36467,-0.8342,-0.59943,818,1
0.20096,0.35919,-0.71061,-0.99412,-0.99412,0.98612,0.76977,-0.99412,-0.49553,819,1
-1.1586,-0.083966,0.123,-0.022205,-0.10234,0.3184,0.72948,-0.37395,-0.53577,820,1
-0.53577,-0.53577,-0.53577,-0.53577,-0.53577,2.0611,-0.53577,-0.53577,-0.53577,821,1
-0.82434,-0.82434,-0.82434,-0.82434,-0.82434,0.93807,0.56495,-0.82434,-0.008411,822,1
-0.51696,-0.72872,-0.48353,-0.72872,-0.72872,1.5161,0.02831,-0.58383,-0.72872,823,1
0.005568,0.17293,-0.50063,0.2276,-0.11567,0.021765,0.2499,0.7964,-0.015972,824,1
0.72832,-0.9612,-0.9612,0.70272,-0.9612,1.0223,0.90239,-0.16252,-0.34683,825,1
-0.55576,0.18202,-1.0267,-1.0267,-0.51334,0.68228,0.58859,-1.0267,-0.43332,826,1
-0.14354,-0.68152,-0.68152,-0.68152,-0.18253,1.8426,-0.2332,-0.68152,-0.68152,827,1
-0.32291,0.068538,-0.72203,-0.72203,-0.72203,2.1274,0.39358,-0.36797,-0.72203,828,1
-0.42994,-0.62571,0.23653,0.12621,-0.30202,0.18999,0.4483,-0.22567,-0.30202,829,1
0.51037,0.66006,0.061306,0.01141,0.31079,-0.68714,-0.23807,-0.23807,-0.18818,701,2
0.091408,0.35402,0.61663,0.5291,0.5291,-0.083667,0.17895,0.35402,0.26648,704,2
0.72387,0.19112,0.57858,0.48171,0.38485,-1.6009,-0.2932,0.045823,0.33642,705,2
-0.030503,0.23171,-0.68603,0.23171,0.1443,-1.0793,-0.68603,0.71243,0.1006,710,2
0.4093,0.4093,0.81053,0.30899,0.0080667,-0.94486,-0.54363,0.0080667,-0.042087,711,2
0.54481,0.70999,0.76506,0.73753,0.48974,-0.3362,-0.66658,0.15936,0.48974,712,2
0.53227,0.3292,0.22766,0.53227,0.37996,0.12612,0.27843,0.075352,0.22766,713,2
0.2624,-0.65333,-0.019365,-0.019365,-0.23069,0.2624,-0.30113,0.19196,0.33284,714,2
-0.12038,0.27311,0.085732,-0.045433,-0.1766,-0.66378,-0.30776,0.42301,0.59165,715,2
-0.13902,0.18753,0.30182,-0.188,-0.41658,-1.2329,-0.33495,-0.49822,-0.090037,716,2
0.2049,-0.01682,-0.080167,-0.11184,-0.46025,-0.46025,-0.20686,0.58498,0.48996,717,2
0.29918,0.41612,0.72794,0.49407,0.57203,-0.28549,-0.28549,-0.16855,0.18225,718,2
0.24739,0.24739,0.72073,0.86637,0.82996,-0.51723,-0.66287,0.028929,0.61513,719,2
-0.093632,-0.093632,0.17286,-0.093632,0.012964,-0.57331,-0.41342,0.012964,0.17286,720,2
-0.018034,-0.018034,-0.018034,0.037196,0.25812,0.064811,0.47904,0.50665,0.14766,721,2
0.29753,0.64946,0.72767,0.80587,0.18023,-0.99286,-0.95376,0.37574,0.37574,722,2
0.063202,0.18917,0.56708,0.78303,0.87301,-0.24273,0.42312,0.62107,0.29715,723,2
-0.0067711,-0.26451,-0.071206,-0.0067711,-0.65112,-0.071206,0.44427,0.057664,0.44427,724,2
-0.18357,-0.3448,-0.45229,-0.39855,-0.8285,-0.8285,-0.8285,-0.8285,-0.88225,725,2
0.10965,0.0058083,0.057731,0.36927,0.36927,0.25021,0.18425,0.31735,0.19829,726,2
0.027306,-0.062501,0.027306,0.027306,0.027306,0.027306,0.027306,0.027306,0.027306,727,2
-1.0072,0.18838,0.3274,0.49422,0.57763,0.18838,0.66105,0.27179,-1.2296,728,2
0.54335,0.59386,0.24025,-0.36594,0.24025,-0.568,0.081412,-0.66904,-0.31542,729,2
0.55848,-0.39566,0.081412,0.79702,0.081412,-0.43542,-0.037856,0.47897,0.24044,730,2
1.2045,-0.47441,0.50975,0.10451,-0.12706,-0.069167,-0.24284,-0.76387,-0.5323,731,2
0.5116,-0.096242,0.5116,0.025327,-0.46095,-0.70409,-0.33938,-0.33938,-0.21781,802,2
-0.87426,-0.84208,-0.0053635,-0.085817,-0.56854,-0.93862,-0.55244,0.236,0.25209,803,2
0.29538,0.61204,0.63067,0.61204,-0.02127,-1.083,0.4444,0.2395,-0.48694,808,2
0.65396,0.61771,0.8352,0.43648,0.61771,-0.57845,0.21899,0.43648,0.50897,809,2
-0.74323,-0.40624,-0.67583,-0.10294,-0.0018465,-0.67583,-0.37254,-0.87803,-0.64213,810,2
-0.028286,0.38186,-0.51081,-0.24542,-1.0657,-0.48669,-0.028286,-0.93571,-0.26955,811,2
0.73273,0.23845,0.46658,0.54262,0.23845,0.20043,-0.17979,0.65668,0.46658,812,2
0.50662,0.71681,0.12128,-0.12394,0.15631,-0.89462,-0.43922,0.15631,-0.57934,813,2
-0.27315,0.55322,0.7303,0.31711,0.37614,-0.68633,-0.037044,-0.096071,-0.21412,814,2
-1.0135,0.56503,0.6402,0.26436,-0.036314,-1.0135,0.56503,0.56503,0.71537,815,2
0.20825,-0.46277,0.87926,0.43192,1.1029,-0.015426,0.20825,0.43192,-0.015426,816,2
-0.32237,-0.14041,0.58744,0.58744,0.28417,-0.32237,0.40548,-0.14041,0.34482,817,2
0.63002,0.45453,0.51834,0.16735,-0.45485,0.26308,0.32689,0.55025,0.67788,818,2
-0.25336,-0.018571,0.49797,0.42753,0.21622,-1.1456,-0.51163,-0.13597,0.6858,819,2
0.40632,1.2251,-0.2955,-0.2955,-0.52945,-0.76339,-0.41247,-0.52945,-0.2955,820,2
0.3089,0.19913,-0.45951,-0.29485,-0.78883,0.19913,0.36379,0.14424,0.63822,821,2
0.39415,0.11621,0.39415,-0.20806,0.023557,-0.30071,0.16253,0.25518,0.11621,822,2
0.16797,-0.33489,-0.6869,0.2434,-0.20918,-0.43547,0.10236,0.14283,-0.23432,823,2
0.11935,-0.078184,0.39589,-0.11769,-0.39423,-0.23621,-0.35473,0.040335,0.19836,824,2
-0.89312,0.21992,0.46189,0.60707,0.51028,-1.2319,0.026351,0.31671,-0.60276,825,2
-0.21716,-0.29133,0.042417,-0.66216,-0.58799,-0.66216,-0.29133,-0.21716,-0.69924,826,2
-0.55118,-0.29616,0.1907,0.49209,0.051598,-0.92212,0.14433,0.15328,0.23707,827,2
0.10399,-0.069063,-0.12675,-0.18443,-0.24211,-0.18443,0.046303,-0.81894,0.45008,828,2
0.23869,-0.15994,-0.50874,0.13903,-0.060283,-0.010454,-0.060283,-0.40909,0.48784,829,2
